23 52
23 53
23 54
23 55
23 56
23 57
23 58
23 59
23 60
23 61
23 62
23 63
23 64
23 65
23 66
23 67
23 68
24 49
24 50
24 51
24 52
24 53
24 54
24 67
24 68
24 69
24 70
25 47
25 48
25 49
25 50
25 69
25 70
25 71
26 46
26 47
26 48
26 71
26 72
27 45
27 46
27 72
27 73
28 44
28 45
28 73
28 74
29 42
29 43
29 44
29 73
29 74
30 41
30 42
30 74
30 75
31 40
31 41
31 75
31 124
31 125
32 39
32 40
32 75
32 76
32 124
32 125
33 38
33 39
33 75
33 76
33 125
34 37
34 38
34 49
34 50
34 51
34 52
34 53
34 54
34 55
34 56
34 57
34 58
34 75
34 76
34 125
35 36
35 37
35 47
35 48
35 49
35 50
35 51
35 52
35 53
35 54
35 55
35 56
35 57
35 58
35 59
35 60
35 75
35 76
35 125
36 36
36 37
36 46
36 47
36 48
36 60
36 61
36 75
36 76
36 125
37 35
37 36
37 45
37 46
37 61
37 62
37 75
37 76
37 125
38 34
38 35
38 44
38 45
38 62
38 63
38 75
38 76
38 125
39 33
39 34
39 43
39 44
39 45
39 62
39 63
39 75
39 76
39 125
40 31
40 32
40 33
40 42
40 43
40 44
40 62
40 63
40 75
40 76
40 125
41 30
41 31
41 32
41 42
41 43
41 50
41 62
41 63
41 75
41 76
41 125
42 29
42 30
42 41
42 42
42 48
42 49
42 50
42 51
42 52
42 53
42 54
42 62
42 63
42 75
42 76
42 125
43 28
43 29
43 40
43 41
43 47
43 48
43 53
43 54
43 62
43 63
43 75
43 76
43 125
44 28
44 39
44 40
44 46
44 47
44 53
44 54
44 62
44 63
44 75
44 76
44 125
45 27
45 28
45 39
45 40
45 45
45 46
45 53
45 54
45 62
45 63
45 75
45 76
45 125
46 26
46 27
46 39
46 44
46 45
46 53
46 54
46 62
46 75
46 125
47 26
47 38
47 39
47 43
47 44
47 53
47 62
47 75
47 125
48 25
48 26
48 38
48 43
48 44
48 53
48 61
48 62
48 75
48 124
48 125
49 25
49 37
49 38
49 42
49 43
49 61
49 62
49 75
49 124
49 125
50 24
50 25
50 37
50 42
50 43
50 60
50 61
50 75
50 124
50 125
51 24
51 25
51 36
51 37
51 42
51 43
51 60
51 61
51 75
51 124
51 125
52 24
52 36
52 37
52 42
52 43
52 59
52 60
52 75
52 124
52 125
53 23
53 24
53 36
53 37
53 42
53 43
53 58
53 59
53 74
53 75
53 124
53 125
54 23
54 36
54 37
54 43
54 58
54 59
54 74
54 75
54 124
54 125
55 23
55 36
55 43
55 44
55 57
55 58
55 74
55 124
55 125
56 22
56 23
56 36
56 44
56 45
56 56
56 57
56 73
56 74
56 124
57 22
57 23
57 36
57 37
57 45
57 46
57 47
57 48
57 49
57 50
57 51
57 52
57 53
57 54
57 55
57 56
57 73
57 124
58 22
58 36
58 37
58 46
58 47
58 48
58 49
58 50
58 51
58 52
58 53
58 54
58 55
58 72
58 73
58 124
59 21
59 22
59 36
59 71
59 72
59 124
60 21
60 22
60 36
60 37
60 70
60 71
60 124
61 21
61 22
61 36
61 37
61 69
61 70
61 124
62 21
62 22
62 36
62 37
62 67
62 68
62 69
62 124
63 21
63 22
63 37
63 66
63 67
63 123
63 124
64 21
64 22
64 37
64 38
64 39
64 65
64 66
64 124
65 21
65 22
65 38
65 39
65 40
65 63
65 64
65 65
65 123
65 124
66 21
66 22
66 40
66 41
66 42
66 62
66 63
66 64
66 123
66 124
67 21
67 22
67 42
67 43
67 44
67 59
67 60
67 61
67 62
67 123
67 124
68 21
68 22
68 43
68 44
68 45
68 46
68 47
68 48
68 49
68 51
68 52
68 54
68 55
68 56
68 57
68 58
68 59
68 60
68 123
68 124
69 21
69 22
69 46
69 47
69 48
69 49
69 50
69 51
69 52
69 53
69 54
69 55
69 56
69 57
69 123
69 124
70 21
70 22
70 123
70 124
71 21
71 22
71 123
71 124
72 21
72 22
72 123
73 21
73 22
73 123
74 21
74 22
74 123
75 21
75 22
75 123
76 22
76 23
76 122
76 123
77 22
77 23
77 122
77 123
78 23
78 24
78 122
78 123
79 23
79 24
79 122
80 23
80 24
80 121
80 122
81 23
81 24
81 121
81 122
82 23
82 24
82 121
83 24
83 121
84 24
84 25
84 120
84 121
85 25
85 120
86 25
86 119
86 120
87 25
87 26
87 119
87 120
88 25
88 26
88 118
88 119
89 26
89 118
89 119
90 26
90 118
91 26
91 27
91 117
91 118
92 26
92 27
92 117
93 26
93 27
93 116
93 117
94 27
94 116
95 27
95 28
95 115
95 116
96 27
96 28
96 114
96 115
97 28
97 114
97 115
98 28
98 29
98 113
98 114
99 28
99 29
99 113
100 29
100 112
100 113
101 29
101 30
101 112
102 30
102 111
102 112
103 30
103 31
103 110
103 111
104 31
104 110
104 111
105 31
105 32
105 109
105 110
106 32
106 109
107 32
107 33
107 108
107 109
108 32
108 33
108 108
109 33
109 34
109 107
109 108
110 33
110 34
110 106
110 107
111 34
111 106
111 107
112 34
112 35
112 105
112 106
113 35
113 104
113 105
114 35
114 36
114 37
114 103
114 104
115 36
115 37
115 38
115 39
115 102
115 103
116 38
116 39
116 40
116 41
116 101
116 102
117 40
117 41
117 42
117 100
117 101
117 102
118 42
118 43
118 44
118 45
118 100
118 101
119 44
119 45
119 46
119 47
119 99
119 100
120 47
120 48
120 49
120 97
120 98
120 99
121 49
121 50
121 51
121 52
121 53
121 54
121 96
121 97
121 98
122 52
122 53
122 54
122 55
122 56
122 57
122 58
122 95
122 96
123 56
123 57
123 58
123 59
123 60
123 61
123 94
123 95
124 60
124 61
124 62
124 63
124 64
124 65
124 92
124 93
124 94
125 64
125 65
125 66
125 67
125 68
125 91
125 92
126 67
126 68
126 69
126 70
126 71
126 72
126 89
126 90
126 91
127 70
127 71
127 72
127 73
127 74
127 75
127 87
127 88
127 89
127 90
128 74
128 75
128 76
128 77
128 78
128 79
128 80
128 81
128 82
128 83
128 84
128 85
128 86
128 87
128 88
129 78
129 79
129 80
129 81
129 82
129 83
129 84
129 85
